0.007
0.007
0.007
0.007
0.007
0.007
0.007
0.007
0.007
0.007
0.007
0.007
0.007
0.007
0.007
0.007
0.007
0.007
0.007
0.007
0.007
0.007
0.007
0.007
0.007
0.007
0.007
0.007
0.007
0.007
0.007
0.007
0.007
0.001826978
0.00124781
0.000809297
0.000514819
0.000332869
0.00022421
0.000159549
0.000120551
9.66683E-05
8.19505E-05
7.29094E-05
6.73371E-05
6.38606E-05
6.1544E-05
5.98433E-05
5.84826E-05
5.73825E-05
5.64895E-05
5.57808E-05
5.5213E-05
5.47593E-05
5.43776E-05
5.39907E-05
5.36267E-05
5.327E-05
5.29864E-05
5.27585E-05
5.25973E-05
5.24806E-05
5.2405E-05
5.23217E-05
5.22524E-05
5.21671E-05
5.21309E-05
5.20786E-05
5.20288E-05
5.19235E-05
5.18168E-05
5.16941E-05
5.16206E-05
5.1584E-05
5.16152E-05
5.16721E-05
5.17511E-05
5.18158E-05
5.18306E-05
5.17959E-05
5.17524E-05
5.17268E-05
5.17219E-05
5.17511E-05
5.18203E-05
5.1954E-05
5.20897E-05
5.22333E-05
5.23516E-05
5.24442E-05
5.24687E-05
5.24036E-05
5.22997E-05
5.22027E-05
5.21285E-05
5.21032E-05
5.21177E-05
5.21624E-05
5.2163E-05
5.20966E-05
5.2028E-05
5.19699E-05
5.19528E-05
5.19179E-05
5.1886E-05
5.18618E-05
5.18483E-05
5.18905E-05
5.19946E-05
5.21609E-05
5.23528E-05
5.25351E-05
5.26396E-05
5.26772E-05
5.2664E-05
5.26643E-05
5.27139E-05
5.27682E-05
5.28472E-05
5.28943E-05
5.2874E-05
5.28062E-05
5.26759E-05
5.25634E-05
5.24492E-05
5.23253E-05
5.22425E-05
5.21722E-05
5.21758E-05
5.22016E-05
5.22762E-05
5.23701E-05
5.24938E-05
5.26495E-05
5.27941E-05
5.29169E-05
5.29686E-05
5.29974E-05
5.29809E-05
5.29749E-05
5.29297E-05
5.28656E-05
5.28467E-05
5.28787E-05
5.29583E-05
5.29669E-05
5.29862E-05
5.30145E-05
5.30907E-05
5.31943E-05
5.33359E-05
5.3508E-05
5.3728E-05
5.3945E-05
5.41515E-05
5.42437E-05
5.42779E-05
5.4257E-05
5.42091E-05
5.41358E-05
5.40489E-05
5.39792E-05
5.39162E-05
5.38997E-05
5.39154E-05
5.3982E-05
5.40684E-05
5.41746E-05
5.42944E-05
5.44232E-05
5.4558E-05
5.46857E-05
5.47663E-05
5.47917E-05
5.47661E-05
5.47476E-05
5.4739E-05
5.47454E-05
5.47637E-05
5.47945E-05
5.48122E-05
5.47982E-05
5.47706E-05
5.47882E-05
5.48414E-05
5.49004E-05
5.49276E-05
5.49973E-05
5.50862E-05
5.52038E-05
5.52986E-05
5.54205E-05
5.55085E-05
5.55279E-05
5.54714E-05
5.54077E-05
5.53644E-05
5.53566E-05
5.53741E-05
5.54209E-05
5.55374E-05
5.56763E-05
5.58629E-05
5.6048E-05
5.62534E-05
5.64298E-05
5.65383E-05
5.66286E-05
5.67053E-05
5.68208E-05
5.6915E-05
5.7E-05
5.70496E-05
5.71123E-05
5.71756E-05
5.72677E-05
5.73722E-05
5.7515E-05
5.76819E-05
5.78763E-05
5.80716E-05
5.82475E-05
5.83955E-05
5.8508E-05
5.85777E-05
5.86148E-05
5.8644E-05
5.86761E-05
5.87083E-05
5.87135E-05
5.87178E-05
5.8711E-05
5.87268E-05
5.87574E-05
5.87947E-05
5.88444E-05
5.89484E-05
5.91019E-05
5.92714E-05
5.94106E-05
5.95336E-05
5.96457E-05
5.97517E-05
5.98268E-05
5.98702E-05
5.98852E-05
5.98838E-05
5.99302E-05
6.00215E-05
6.01296E-05
6.02474E-05
6.03596E-05
6.04912E-05
6.05887E-05
6.0691E-05
6.07968E-05
6.09133E-05
6.10051E-05
6.1101E-05
6.11905E-05
6.12803E-05
6.13286E-05
6.13625E-05
6.14227E-05
6.15093E-05
6.15951E-05
6.1645E-05
6.16894E-05
6.17631E-05
6.18406E-05
6.1894E-05
6.19458E-05
6.20095E-05
6.21445E-05
6.23063E-05
6.24936E-05
6.26728E-05
6.28496E-05
6.30425E-05
6.32366E-05
6.34065E-05
6.35399E-05
6.36884E-05
6.38316E-05
6.39735E-05
6.41057E-05
6.42347E-05
6.43657E-05
6.44232E-05
6.44513E-05
6.44451E-05
6.44329E-05
6.44378E-05
6.44608E-05
6.4496E-05
6.45506E-05
6.46106E-05
6.47273E-05
6.48661E-05
6.50669E-05
6.52793E-05
6.54564E-05
6.55958E-05
6.57015E-05
6.58135E-05
6.59066E-05
6.59535E-05
6.60238E-05
6.60989E-05
6.62354E-05
6.63195E-05
6.6379E-05
6.63829E-05
6.63762E-05
6.63633E-05
6.63921E-05
6.64773E-05
6.66056E-05
6.674E-05
6.68877E-05
6.70908E-05
6.72887E-05
6.74822E-05
6.76032E-05
6.77478E-05
6.78435E-05
6.79127E-05
6.79527E-05
6.79969E-05
6.80485E-05
6.81116E-05
6.81898E-05
6.82901E-05
6.83868E-05
6.84742E-05
6.85845E-05
6.87381E-05
6.89658E-05
6.92002E-05
6.9424E-05
6.96473E-05
6.98846E-05
7.01E-05
7.02761E-05
7.03968E-05
7.04854E-05
7.05349E-05
7.05936E-05
7.06719E-05
7.07633E-05
7.08843E-05
7.10307E-05
7.11716E-05
7.12387E-05
7.13208E-05
7.14477E-05
7.16485E-05
7.18229E-05
7.199E-05
7.22009E-05
7.24181E-05
7.25615E-05
7.26459E-05
7.27498E-05
7.29653E-05
7.31612E-05
7.33187E-05
7.34566E-05
7.36615E-05
7.38487E-05
7.39474E-05
7.3975E-05
7.40219E-05
7.40633E-05
7.40757E-05
7.41052E-05
7.41908E-05
7.42929E-05
7.43831E-05
7.44749E-05
7.45874E-05
7.46761E-05
7.47801E-05
7.49373E-05
7.51365E-05
7.53729E-05
7.56471E-05
7.59598E-05
7.62623E-05
7.64937E-05
7.66274E-05
7.67195E-05
7.67909E-05
7.69214E-05
7.70512E-05
7.71664E-05
7.73071E-05
7.74848E-05
7.76596E-05
7.77409E-05
7.7801E-05
7.78718E-05
7.79783E-05
7.80514E-05
7.81982E-05
7.84439E-05
7.88274E-05
7.9219E-05
7.95567E-05
7.9799E-05
8.00374E-05
8.02445E-05
8.04257E-05
8.05387E-05
8.06866E-05
8.08173E-05
8.09447E-05
8.10092E-05
8.1103E-05
8.11847E-05
8.12688E-05
8.13064E-05
8.13415E-05
8.14236E-05
8.15526E-05
8.17543E-05
8.19861E-05
8.22873E-05
8.25803E-05
8.28399E-05
8.30503E-05
8.32356E-05
8.34249E-05
8.35733E-05
8.37416E-05
8.39041E-05
8.40654E-05
8.42001E-05
8.43059E-05
8.4421E-05
8.45356E-05
8.46468E-05
8.47393E-05
8.48348E-05
8.49575E-05
8.51444E-05
8.53693E-05
8.55914E-05
8.5782E-05
8.5898E-05
8.59867E-05
8.60615E-05
8.6176E-05
8.63163E-05
8.64905E-05
8.66816E-05
8.68819E-05
8.71314E-05
8.74183E-05
8.77236E-05
8.79919E-05
8.82402E-05
8.85081E-05
8.87606E-05
8.8974E-05
8.91498E-05
8.92614E-05
8.93732E-05
8.94405E-05
8.95642E-05
8.97047E-05
8.99112E-05
9.01205E-05
9.03472E-05
9.05443E-05
9.07354E-05
9.09015E-05
9.11159E-05
9.1321E-05
9.15454E-05
9.17846E-05
9.21018E-05
9.24498E-05
9.27853E-05
9.30771E-05
9.33371E-05
9.35472E-05
9.37451E-05
9.39395E-05
9.41527E-05
9.43773E-05
9.46151E-05
9.48098E-05
9.49367E-05
9.50481E-05
9.52003E-05
9.53875E-05
9.55538E-05
9.57163E-05
9.59294E-05
9.61104E-05
9.63579E-05
9.65324E-05
9.67711E-05
9.69634E-05
9.72475E-05
9.75361E-05
9.7822E-05
9.80599E-05
9.82525E-05
9.8407E-05
9.85189E-05
9.86192E-05
9.87256E-05
9.88411E-05
9.8969E-05
9.911E-05
9.92722E-05
9.94335E-05
9.96122E-05
9.97775E-05
9.99578E-05
0.000100122
0.000100371
0.000100656
0.00010101
0.000101369
0.000101684
0.000101943
0.00010216
0.000102424
0.000102692
0.000102934
0.000103142
0.000103295
0.000103393
0.000103528
0.000103684
0.000103898
0.000104102
0.000104313
0.000104545
0.000104784
0.000105018
0.0001052
0.000105411
0.00010566
0.000106001
0.000106299
0.00010667
0.00010705
0.000107485
0.000107832
0.000108106
0.00010829
0.000108484
0.000108718
0.000109033
0.000109335
0.000109635
0.000109912
0.000110203
0.000110407
0.000110547
0.000110653
0.000110875
0.000111106
0.00011132
0.000111508
0.000111764
0.00011215
0.000112577
0.000112984
0.00011331
0.000113616
0.000113932
0.00011429
0.000114579
0.000114888
0.000115239
0.000115623
0.000115933
0.000116167
0.000116356
0.000116534
0.000116721
0.000116988
0.000117283
0.000117529
0.000117719
0.000118004
0.000118321
0.000118623
0.000118866
0.000119053
0.000119227
0.000119355
0.000119482
0.00011964
0.000119771
0.000119937
0.000120195
0.000120561
0.000120958
0.000121314
0.000121632
0.00012195
0.000122233
0.000122439
0.000122613
0.000122877
0.000123212
0.000123606
0.000123988
0.000124323
0.000124627
0.000124848
0.000125198
0.000125514
0.000125868
0.000126147
0.000126486
0.000126873
0.000127292
0.000127712
0.000128048
0.0001283
0.000128545
0.000128763
0.000129049
0.000129403
0.000129752
0.000130054
0.000130277
0.000130505
0.000130761
0.000131036
0.000131327
0.000131674
0.000132001
0.000132416
0.00013286
0.000133297
0.000133728
0.00013405
0.000134405
0.000134771
0.000135173
0.000135583
0.000136002
0.000136434
0.000136812
0.000137059
0.000137235
0.000137496
0.000137867
0.000138267
0.000138615
0.000138861
0.000139123
0.00013939
0.000139732
0.000140053
0.000140472
0.000140971
0.000141522
0.000141957
0.000142263
0.000142599
0.000142952
0.000143339
0.000143659
0.00014402
0.000144464
0.000144979
0.000145431
0.000145726
0.00014597
0.000146225
0.000146566
0.000146908
0.000147205
0.000147532
0.00014777
0.000148031
0.000148246
0.000148498
0.000148767
0.000148971
0.00014914
0.000149333
0.000149587
0.000149901
0.000150175
0.000150413
0.000150706
0.00015107
0.000151401
0.000151764
0.000152098
0.000152588
0.000152996
0.000153415
0.000153773
0.000154161
0.000154538
0.000154883
0.000155241
0.000155668
0.000156144
0.000156653
0.000157147
0.000157592
0.000158035
0.000158433
0.00015885
0.000159192
0.000159543
0.000159857
0.000160256
0.000160689
0.000161206
0.000161747
0.000162236
0.000162643
0.000162958
0.000163266
0.000163641
0.000164058
0.000164442
0.000164825
0.000165255
0.000165805
0.000166375
0.000166941
0.000167496
0.000167992
0.000168428
0.000168839
0.000169224
0.000169647
0.000170071
0.000170547
0.000171071
0.000171521
0.000172018
0.000172502
0.000173018
0.000173562
0.000174041
0.00017452
0.000174991
0.000175598
0.000176324
0.00017703
0.00017768
0.000178284
0.000178882
0.000179425
0.000179897
0.000180419
0.000180956
0.000181488
0.000181993
0.000182474
0.000183064
0.000183631
0.00018418
0.000184739
0.00018531
0.00018601
0.000186722
0.000187454
0.000188161
0.000188843
0.000189533
0.000190261
0.000190932
0.000191597
0.000192261
0.000192952
0.000193669
0.000194368
0.00019513
0.000195853
0.000196559
0.000197289
0.000197974
0.000198553
0.000199107
0.00019972
0.000200414
0.000201041
0.000201637
0.00020232
0.000203065
0.000203899
0.000204654
0.000205377
0.000206054
0.000206634
0.000207243
0.00020787
0.000208544
0.000209256
0.000209934
0.00021064
0.00021134
0.000212137
0.000213019
0.000213838
0.000214492
0.000215181
0.000215883
0.000216768
0.000217574
0.00021839
0.000219162
0.000219971
0.000220813
0.000221611
0.000222391
0.000223193
0.000223933
0.000224682
0.000225383
0.000226113
0.000226851
0.000227594
0.000228392
0.000229192
0.000229953
0.000230791
0.00023166
0.00023254
0.000233301
0.000234028
0.000234849
0.000235702
0.00023667
0.000237587
0.000238576
0.000239379
0.000240224
0.000240998
0.000241896
0.000242758
0.00024382
0.000244863
0.00024581
0.00024657
0.000247214
0.000248032
0.000248915
0.000249983
0.000251037
0.000252165
0.000253131
0.000254073
0.000254934
0.000255886
0.000256818
0.000257706
0.000258736
0.00025987
0.000261122
0.00026234
0.00026343
0.000264537
0.000265575
0.000266725
0.000267907
0.000269118
0.000270445
0.000271642
0.000272822
0.000273902
0.000275137
0.000276402
0.0002778
0.000279084
0.000280482
0.000281747
0.00028305
0.000284364
0.00028559
0.000286891
0.000288099
0.000289327
0.000290538
0.000291848
0.000293258
0.00029483
0.000296296
0.000297766
0.000299012
0.000300401
0.000301747
0.000303045
0.000304296
0.000305515
0.000306948
0.000308423
0.00031
0.000311493
0.000312966
0.000314544
0.000316114
0.000317563
0.000318979
0.000320449
0.000322115
0.000323768
0.000325414
0.000327046
0.000328754
0.000330543
0.000332022
0.000333316
0.000334563
0.000335964
0.000337688
0.000339448
0.000341113
0.000342782
0.000344396
0.000346013
0.000347447
0.000348838
0.00035016
0.000351405
0.000352437
0.000353798
0.000355296
0.000356899
0.000358488
0.000359856
0.000361371
0.000362955
0.000364683
0.000366389
0.000368071
0.000369794
0.000371842
0.000373903
0.000375988
0.000377875
0.000379554
0.000381225
0.000383085
0.000385081
0.000387162
0.000389119
0.000391257
0.000393375
0.000395532
0.000397561
0.000399801
0.000401864
0.000403835
0.000405717
0.000407686
0.000409745
0.000411756
0.000413999
0.000416498
0.000418869
0.000421163
0.000423164
0.00042522
0.000426844
0.000428608
0.000430524
0.000432833
0.000435495
0.000438174
0.000441121
0.000444083
0.000447305
0.000450671
0.000453996
0.000457221
0.000460206
0.00046334
0.000466401
0.000469547
0.00047262
0.00047635
0.000480402
0.000484714
0.000488596
0.000492421
0.000496089
0.000499421
0.000502642
0.00050563
0.000508813
0.00051205
0.00051528
0.000518583
0.000522079
0.000525601
0.000528881
0.00053138
0.000533882
0.00053636
0.000539323
0.000542165
0.000544911
0.000547673
0.000551141
0.000555651
0.000561565
0.000568608
0.00057688
0.000585918
0.000596052
0.000606729
0.000617996
0.000629179
0.000641091
0.000653205
0.000665619
0.000677947
0.00069073
0.000703733
0.000716955
0.000730369
0.000743643
0.000757769
0.000772583
0.000789601
0.000808803
0.000830003
0.000853573
0.000878908
0.00090747
0.000939571
0.000976445
0.001493999
0.003050732
0.004
0.004
0.004
