1000
1000
1000
1000
1000
1000
1000
1000
1000
1000
1000
1000
1000
1000
1000
1000
1000
1000
1000
1000
1000
1000
1000
1000
1000
1000
1000
1000
1000
1000
1000
1000
1000
1000
1000
1000
1000
1000
1000
1000
1000
1000
1000
1000
1000
1000
1000
1000
1000
1000
1000
1000
1000
1000
1000
1000
1000
1000
1000
1000
1000
1000
1000
1000
1000
1000
1000
1000
1000
1000
1000
1000
1000
1000
1000
1000
1000
1000
1000
1000
1000
1000
1000
1000
1000
1000
1000
1000
1000
1000
1000
1000
1000
1000
1000
1000
1000
1000
1000
1000
1000
978.3759
935.7679
893.8926
852.2108
806.4861
763.376
723.3189
687.7333
651.8787
621.0351
592.0076
564.4677
534.028
504.0988
478.6397
457.2291
440.2401
424.3127
409.5231
395.0509
379.7141
364.9627
350.9541
337.3066
323.1672
309.2297
295.8016
284.0627
272.8828
263.2473
253.5262
244.0484
234.6791
225.9886
217.6592
209.7498
202.1617
195.1814
188.6924
182.4894
176.6255
170.836
165.1651
159.7153
154.55
149.7517
144.8266
140.1441
135.5186
131.2925
126.9683
122.8397
118.8684
115.203
111.634
108.1263
104.7643
101.459
98.29902
95.18981
92.24702
89.37667
86.5544
83.75199
80.98605
78.2992
75.69409
73.17893
70.73058
68.30492
65.93317
63.65882
61.50323
59.42511
57.3796
55.40842
53.46108
51.5606
49.70669
47.93067
46.20078
44.50446
42.86422
41.30427
39.79828
38.32727
36.89583
35.52732
34.21694
32.95633
31.75244
30.60978
29.51364
28.46715
27.4694
26.51711
25.62311
24.77406
23.97868
23.20634
22.46976
21.75229
21.05918
20.39342
19.77645
19.20131
18.66096
18.14663
17.65482
17.19262
16.75724
16.35263
15.97177
15.60874
15.26372
14.93926
14.63867
14.3583
14.09259
13.83688
13.59242
13.3596
13.13615
12.92193
12.71199
12.51002
12.31579
12.13329
11.96055
11.79618
11.6394
11.49116
11.34978
11.21294
11.07701
10.94278
10.81024
10.68162
10.5563
10.4315
10.30795
10.18429
10.06215
9.942516
9.824598
9.708635
9.593393
9.479418
9.366182
9.253683
9.142775
9.034001
8.926365
8.820313
8.716208
8.614597
8.514015
8.413749
8.313295
8.214211
8.116652
8.020738
7.925626
7.831985
7.740791
7.652128
7.56655
7.485095
7.408747
7.337903
7.271678
7.208332
7.148085
7.089062
7.032712
6.976687
6.921154
6.864981
6.809469
6.755653
6.703691
6.653386
6.604229
6.5569
6.511363
6.467384
6.42472
6.382888
6.34213
6.301975
6.263512
6.22627
6.19052
6.155235
6.121075
6.08765
6.05511
6.022817
5.991012
5.959734
5.929084
5.898934
5.86918
5.839763
5.810436
5.780966
5.751393
5.722054
5.692798
5.663878
5.634645
5.605456
5.57577
5.546621
5.517517
5.488574
5.459082
5.429677
5.400535
5.371675
5.342608
5.313737
5.285219
5.257071
5.228907
5.200786
5.172608
5.14426
5.115534
5.08699
5.058978
5.031669
5.004717
4.977993
4.95182
4.925723
4.900076
4.874858
4.850254
4.826579
4.803072
4.780858
4.758961
4.737555
4.716172
4.694926
4.674715
4.654779
4.63525
4.615456
4.595859
4.576106
4.556616
4.537401
4.518932
4.500803
4.484208
4.468942
4.455388
4.442455
4.430235
4.418439
4.406984
4.395748
4.384816
4.374203
4.364381
4.354335
4.339016955
4.308170896
4.296918353
4.266222632
4.259401491
4.24976836
4.242566605
4.235365437
4.208036543
4.195634999
4.192123224
4.195729246
4.207981801
4.215718308
4.229217059
4.22903442
4.219939077
4.223403677
4.192954306
4.164767281
4.109957425
4.077653722
4.027307482
3.992799928
3.954622908
3.926734717
3.887994469
3.853213495
3.802676193
3.774833549
3.7348959
3.71298305
3.680434773
3.667687407
3.676018567
3.694469219
3.713926536
3.733627307
3.746188081
3.749664621
3.734569355
3.724774313
3.703579712
3.694515647
3.657863725
3.644789021
3.636687706
3.629915247
3.619531308
3.600874227
3.591700083
3.582714726
3.566186588
3.551990636
3.535493417
3.531462896
3.519875
3.510407
3.500449
3.489413
3.477938
3.465634
3.452823
3.439296
3.425361
3.411568
3.39826
3.385588
3.373636
3.362191
3.351335
3.340456
3.329774
3.31886
3.308319
3.297427
3.286804
3.276443
3.266238
3.256221
3.24627
3.236651
3.227138
3.217693
3.208357
3.199048
3.189918
3.180871
3.17243
3.164235
3.156527
3.148763
3.141047
3.133461
3.1261
3.118865
3.11167
3.104313
3.096899
3.089473
3.082243
3.075117
3.067869
3.060657
3.053139
3.045541
3.037873
3.03048
3.023127
3.015581
3.008141
3.001055
2.994331
2.987769
2.98127
2.974787
2.968366
2.96188
2.955568
2.949594
2.943959
2.938529
2.93313
2.927983
2.922907
2.917942
2.912948
2.907933
2.902858
2.897886
2.8932
2.888751
2.884511
2.880694
2.876942
2.873327
2.86955
2.865762
2.861997
2.858321
2.854535
2.85049
2.846428
2.842795
2.839358
2.835888
2.832504
2.829302
2.826343
2.823358
2.820373
2.817282
2.814064
2.811326
2.809042
2.807031
2.805251
2.802836
2.800298
2.79773
2.794902
2.791871
2.787466
2.782493
2.776789
2.772582
2.768325
2.764788
2.760544
2.75743
2.75356
2.748969
2.743979
2.7399
2.737174
2.734383
2.731158
2.727208
2.724641
2.722373
2.72094
2.718887
2.716645
2.713459
2.70956
2.706062
2.702937
2.699739
2.696252
2.692862
2.689179
2.685378
2.680734
2.676629
2.672275
2.66919
2.666116
2.663143
2.658694
2.654075
2.649476
2.645691
2.642073
2.638553
2.634667
2.630227
2.625878
2.621856
2.617997
2.61385
2.609488
2.604771
2.600239
2.596148
2.592382
2.588219
2.583441
2.57764
2.572082
2.566347
2.5599
2.552584
2.544398
2.537255
2.530911
2.525518
2.518966
2.512283
2.505226
2.498981
2.491632
2.48508
2.479714
2.475169
2.469888
2.463303
2.456936
2.451501
2.447163
2.441996
2.436667
2.430348
2.42445
2.418697
2.413854
2.410064
2.405861
2.401654
2.397609
2.394383
2.39127
2.388989
2.386797
2.385836
2.384262
2.38332
2.381271
2.379045
2.376389
2.374942
2.374153
2.373815
2.373253
2.37276
2.372427
2.371667
2.371058
2.370134
2.368773
2.367073
2.365327
2.364442
2.364317
2.364025
2.363366
2.361789
2.360111
2.358237
2.356412
2.353994
2.350953
2.347733
2.344733
2.34224
2.33967
2.337306
2.334426
2.33129
2.327848
2.324416
2.320599
2.316879
2.31284
2.308938
2.304609
2.300549
2.296322
2.292302
2.287985
2.283783
2.279559
2.275071
2.270297
2.265225
2.260477
2.256328
2.251951
2.248033
2.2441
2.24078
2.236692
2.232714
2.228434
2.224896
2.220953
2.217412
2.213638
2.210014
2.206499
2.20357
2.201172
2.198356
2.19518
2.191762
2.188599
2.185146
2.182073
2.179129
2.176485
2.174081
2.172211
2.171218
2.169825
2.168332
2.166849
2.166068
2.165569
2.164921
2.164029
2.163259
2.162802
2.162612
2.162412
2.162396
2.161976
2.161989
2.161671
2.161514
2.161149
2.161092
2.161183
2.161497
2.161525
2.161595
2.161135
2.161351
2.161193
2.160932
2.160183
2.159858
2.159711
2.15914
2.158599
2.15809
2.158117
2.158031
2.15745
2.15675
2.155876
2.15494
2.153275
2.151513
2.149661
2.147949
2.145806
2.143741
2.141461
2.138875
2.136081
2.133041
2.129533
2.125696
2.121893
2.118199
2.114071
2.109399
2.104337
2.099028
2.093529
2.08788
2.081866
2.075347
2.06821
2.060943
2.053217
2.045378
2.036956
2.028093
2.018782
2.009127
1.999308
1.988927
1.97815
1.966863
1.955375
1.943828
1.931998
1.919706
1.907278
1.894527
1.881547
1.867893
1.853689
1.83926
1.824621
1.809991
1.794752
1.779461
1.764261
1.749192
1.733659
1.717698
1.701692
1.685777
1.669944
1.653984
1.637735
1.621611
1.605764
1.589931
1.573875
1.557819
1.542346
1.527084
1.511708
1.496222
1.480747
1.465605
1.450709
1.436172
1.421907
1.408055
1.394409
1.380973
1.367692
1.354839
1.342341
1.330089
1.318084
1.306334
1.294913
1.283976
1.273537
1.26335
1.253404
1.243631
1.234365
1.225333
1.216854
1.208691
1.201044
1.193551
1.186392
1.179516
1.173065
1.16687
1.161042
1.155419
1.150184
1.145073
1.140283
1.135717
1.131553
1.127688
1.124043
1.120633
1.117493
1.11459
1.111932
1.109419
1.107257
1.105278
1.103483
1.101766
1.100183
1.098857
1.097666
1.096703
1.0958
1.094931
1.094097
1.093402
1.092865
1.092384
1.091918
1.091549
1.091266
1.091043
1.090817
1.09061
1.0904
1.090246
1.090099
1.089907
1.089651
1.089377
1.089106
1.088753
1.088344
1.087912
1.087499
1.086996
1.086376
1.085705
1.084975
1.084205
1.083341
1.082409
1.081365
1.080219
1.079025
1.077801
1.076452
1.075011
1.073505
1.07203
1.070475
1.068894
1.067187
1.065456
1.063584
1.061702
1.059708
1.057676
1.055608
1.053559
1.051541
1.04952
1.047535
1.04555
1.043549
1.041451
1.039348
1.037291
1.035305
1.033368
1.031462
1.029633
1.027808
1.025999
1.024218
1.022521
1.020859
1.019218
1.017396
1.015478
1.013631
1.011829
1.010032
1.008408
1.007243
1.006565
1.005991
1.00554
1.005189
1.004997
1.004984635
1.003867641
1.002374618
1.001004641
1.001578842
1.003783094
1.003679452
1.003045569
1.000813058
1.000693948
1.000439043
1.000757751
1.000478847
1.000388658
1
1.000349234
1.001145503
1.003687943
1.0132506
1.023317695
1.026406105
1.031589009
1.038493606
1.040295263
1.030150852
1.017885938
1.015941791
1.013817702
1.013051798
1.011583578
1.012779528
1.014930465
1.015538656
1.016801867
1.014671061
1.016857661
1.017628918
1.01934997
1.020661441
1.021101224
1.022390441
1.022755935
1.023218405
1.023931095
1.024895724
1.025042813
1.026975796
1.026834
1.027209
1.027823
1.028664
1.029657
1.030802
1.032242
1.033822
1.035256
1.036438
1.037656
1.038806
1.039941
1.040996
1.042076
1.043216
1.044359
1.045534
1.046631
1.047753
1.048911
1.050062
1.051235
1.05239
1.053583
1.054761
1.055919
1.057101
1.058337
1.059579
1.060845
1.062083
1.063326
1.06452
1.065679
1.066905
1.06811
1.069404
1.070662
1.071958
1.073221
1.074455
1.075673
1.076897
1.078183
1.079521
1.080873
1.082257
1.083665
1.085042
1.086401
1.087797
1.089193
1.09063
1.092059
1.093585
1.095118
1.096669
1.098269
1.099884
1.101501
1.103083
1.104725
1.106399
1.108135
1.109891
1.111711
1.113526
1.115398
1.117314
1.119302
1.121246
1.123212
1.125165
1.127179
1.129274
1.13135
1.133501
1.135642
1.137817
1.139987
1.14219
1.144536
1.146926
1.149296
1.151641
1.154034
1.156548
1.159101
1.161685
1.16424
1.166863
1.169484
1.172132
1.174816
1.177484
1.180164
1.182807
1.185483
1.188158
1.190879
1.193626
1.19637
1.199106
1.201883
1.204686
1.207471
1.210223
1.212955
1.2157
1.218529
1.221322
1.224127
1.226906
1.229747
1.232539
1.23534
1.238204
1.241071
1.243899
1.246665
1.249469
1.252275
1.255089
1.257891
1.260652
1.263411
1.266148
1.268863
1.271505
1.274146
1.276778
1.279457
1.282145
1.284846
1.28757
1.290195
1.29289
1.295495
1.298182
1.300879
1.303661
1.306449
1.309136
1.311812
1.314515
1.317298
1.320071
1.322843
1.325582
1.328343
1.331089
1.333824
1.336572
1.339313
1.342021
1.344807
1.347653
1.350577
1.353474
1.35641
1.359374
1.362304
1.365287
1.368358
1.371463
1.374516
1.377614
1.380782
1.384082
1.387329
1.390598
1.393883
1.397202
1.400558
1.403849
1.407231
1.410581
1.413952
1.417316
1.420666
1.424077
1.427496
1.430998
1.434482
1.437947
1.441486
1.445104
1.448819
1.452546
1.456362
1.460191
1.464112
1.468074
1.472087
1.476138
1.480187
1.48438
1.488609
1.493005
1.497403
1.501887
1.506355
1.510914
1.515587
1.520372
1.525251
1.530239
1.535373
1.540541
1.545743
1.551036
1.55654
1.562196
1.567979
1.573881
1.579879
1.585915
1.591966
1.598137
1.604364
1.61062
1.616926
1.623305
1.629732
1.636147
1.642568
1.649067
1.65551
1.661871
1.668124
1.674324
1.680454
1.686472
1.692352
1.698061
1.703665
1.709101
1.714428
1.719511
1.724398
1.729087
1.733637
1.738043
1.742167
1.746059
1.749685
1.753055
1.756159
1.758989
1.76163
1.76398
1.766171
1.768161
1.769843
1.771254
1.772475
1.773633
1.774654
1.775476
1.776049
1.776488
1.776863
1.777261
1.777576
1.777781
1.777962
1.778125
1.778275
1.778442
1.77868
1.779067
1.779534
1.780028
1.780519
1.781066
1.781642
1.782426
1.783345
1.784549
1.785875
1.787418
1.789113
1.791004
1.793054
1.795307
1.797661
1.800242
1.80296
1.805864
1.808958
1.812197
1.815698
1.819196
1.82294
1.826808
1.830945
1.83527
1.839804
1.844457
1.84924
1.854171
1.859353
1.864679
1.870047
1.875459
1.880925
1.886622
1.892476
1.89835
1.904207
1.91012
1.916221
1.922424
1.928633
1.93487
1.941162
1.947464
1.953878
1.960264
1.966766
1.973351
1.980054
1.986802
1.99353
2.000212
2.006999
2.013671
2.020424
2.027183
2.033949
2.040811
2.047643
2.054535
2.061443
2.068352
2.075395
2.082369
2.089372
2.0964
2.103503
2.110597
2.117652
2.124765
2.132008
2.139321
2.146673
2.154107
2.161618
2.169168
2.176861
2.184553
2.19239
2.200221
2.208375
2.216545
2.224689
2.232946
2.241371
2.249927
2.258365
2.266957
2.275655
2.284483
2.293149
2.301877
2.310689
2.319763
2.328967
2.338154
2.347317
2.356556
2.365974
2.375428
2.385028
2.394576
2.404342
2.414086
2.424183
2.434273
2.444546
2.454639
2.464759
2.474842
2.485187
2.495523
2.505953
2.516271
2.52685
2.537532
2.548289
2.559155
2.569825
2.580685
2.59151
2.602584
2.613701
2.624865
2.636138
2.647514
2.659107
2.670678
2.682382
2.694232
2.706355
2.718505
2.730646
2.742753
2.754957
2.767225
2.779717
2.792216
2.804915
2.817761
2.830742
2.84378
2.856796
2.870101
2.883477
2.896993
2.910495
2.924056
2.937579
2.951097
2.96481
2.978836
2.99309
3.007338
3.02152
3.035646
3.049887
3.064261
3.078703
3.093124
3.107636
3.122058
3.136644
3.15113
3.165852
3.180465
3.195206
3.210038
3.224988
3.239958
3.255022
3.270068
3.28521
3.3003
3.315447
3.330458
3.345471
3.360535
3.375677
3.391123
3.406425
3.422052
3.437508
3.453225
3.468789
3.484537
3.500422
3.516328
3.532401
3.548512
3.564777
3.581016
3.59737
3.613976
3.630737
3.647627
3.66456
3.681614
3.69895
3.716566
3.73417
3.751802
3.769283
3.787242
3.805341
3.823453
3.841206
3.859048
3.877245
3.895728
3.914266
3.932868
3.951411
3.970277
3.989227
4.008428
4.027301
4.046139
4.065036
4.084139
4.103393
4.122599
4.14197
4.161191
4.180843
4.200679
4.220961
4.241275
4.261152
4.281119
4.301005
4.32127
4.341333
4.361359
4.381473
4.401553
4.421868
4.442389
4.463197
4.483974
4.50453
4.525541
4.546616
4.56789
4.588949
4.610211
4.631716
4.653328
4.675208
4.69734
4.719968
4.742856
4.765914
4.789171
4.812392
4.835738
4.859148
4.883272
4.90757
4.932145
4.956387
4.981245
5.006391
5.031949
5.0573
5.082479
5.108018
5.134147
5.160524
5.186792
5.213012
5.239747
5.266693
5.293849
5.320599
5.347595
5.374543
5.402039
5.42971
5.457502
5.485487
5.51345
5.541874
5.570359
5.599575
5.628564
5.657682
5.686234
5.71496
5.743842
5.772979
5.802281
5.831666
5.861399
5.891413
5.921301
5.951557
5.981756
6.012393
6.043043
6.074096
6.105378
6.136748
6.168508
6.201256
6.234687
6.268402
6.302761
6.337952
6.374552
6.411536
6.448714
6.486447
6.52542
6.565279
6.60673
6.649312
6.693178
6.737438
6.782961
6.829729
6.87761
6.925999
6.975612
7.025989
7.076988
7.128478
7.180441
7.232853
7.28546
7.338704
7.391658
7.444819
7.497428
7.549799
7.601439
7.652183
7.702083
7.750505
7.797882
7.844646
7.890679
7.93503
7.97684
8.01656
8.054695
8.090982
8.125392
8.157666
8.187708
8.215297
8.240705
8.263775
8.284089
8.301392
8.316519
8.330098
8.341882
8.351859
8.359422
8.364644
8.368039
8.369593
8.369962
8.36853
8.365759
8.361999
8.358125
8.353692
8.34828
8.341387
8.33427
8.327452
8.320888
8.314274
8.308254
8.302404
8.297283
8.293083
8.28998
8.287448
8.285738
8.285783
8.287395
8.289473
8.292597
8.297191
8.303826
8.312164
8.322124
8.334334
8.347545
8.363153
8.379574
8.397712
8.417349
8.43873
8.461762
8.48633
8.513029
8.542606
8.573041
8.605017
8.638693
8.674638
8.712529
8.751218
8.791814
8.833118
8.87578
8.919859
8.966069
9.013675
9.063017
9.114206
9.167668
9.22248
9.278122
9.334677
9.391552
9.450361
9.510148
9.571785
9.635009
9.699582
9.765095
9.831103
9.898478
9.967365
10.03677
10.10687
10.17718
10.24839
10.32162
10.39568
10.47066
10.5454
10.62197
10.69885
10.77722
10.85598
10.93663
11.01848
11.10186
11.18499
11.26844
11.35292
11.43902
11.52547
11.61269
11.70187
11.79148
11.88186
11.97193
12.06227
12.15318
12.24473
12.33834
12.43313
12.52785
12.6241
12.72105
12.82048
12.92087
13.02102
13.12353
13.22672
13.33129
13.4351
13.5399
13.64597
13.75215
13.85881
13.96564
14.07493
14.18552
14.29812
14.41073
14.52362
14.63697
14.75191
14.86611
14.98009
15.09494
15.21031
15.32806
15.44557
15.56327
15.67945
15.79585
15.9127
16.03086
16.15023
16.27267
16.39408
16.51715
16.64019
16.7656
16.8912
17.0186
17.14855
17.27793
17.40943
17.53983
17.67081
17.80105
17.93161
18.06283
18.19551
18.33263
18.47138
18.6089
18.74358
18.87951
19.01973
19.16413
19.30923
19.45251
19.59705
19.74312
19.89335
20.04452
20.19696
20.35122
20.50523
20.66299
20.82241
20.98566
21.15133
21.31701
21.48403
21.65058
21.81614
21.97968
22.14741
22.31892
22.49193
22.65806
22.82784
23.00036
23.17848
23.35191
23.52752
23.70641
23.88583
24.0705
24.25451
24.44794
24.64086
24.83782
25.0335
25.23759
25.44584
25.65824
25.87031
26.08666
26.3022
26.52121
26.73981
26.96745
27.18926
27.41464
27.64533
27.8814
28.11302
28.33775
28.56102
28.79251
29.02983
29.27459
29.51758
29.76612
30.02333
30.28816
30.55453
30.82318
31.10017
31.37897
31.65427
31.92004
32.19593
32.47476
32.76718
33.05895
33.35375
33.64759
33.9383
34.22906
34.51499
34.80015
35.08545
35.38128
35.68343
36.0015
36.32192
36.63443
36.93634
37.24388
37.564
37.8835
38.20449
38.52501
38.85674
39.18833
39.53414
39.87605
40.2132
40.54797
40.87664
41.22086
41.56817
41.94201
42.30997
42.68586
43.05005
43.40923
43.76199
44.12208
44.48869
44.85899
45.22105
45.59685
45.98673
46.40179
46.82263
47.25776
47.70612
48.17916
48.63517
49.08072
49.52774
49.99121
50.46641
50.9273
51.38605
51.86853
52.35464
52.87892
53.40985
53.95957
54.5021
55.05936
55.63069
56.1909
56.72368
57.26648
57.86025
58.47531
59.11171
59.7328
60.37822
61.02822
61.66819
62.2988
62.9265
63.5792
64.22776
64.90548
65.60188
66.33498
67.05886
67.77731
68.52397
69.30108
70.11208
70.90607
71.71014
72.53117
73.35238
74.16737
74.98442
75.81888
76.66037
77.47529
78.29028
79.09232
79.93682
80.82083
81.72988
82.67345
83.6244
84.646
85.64642
86.6596
87.64512
88.66988
89.75008
90.82401
91.87339
92.92017
93.99328
95.08396
96.15844
97.3345
98.54029
99.81898
101.0387
102.3202
103.563
104.7657
105.9238
107.0902
108.3284
109.5918
110.9151
112.2597
113.6934
115.1584
116.696
118.1939
119.678
121.1102
122.7005
124.4079
126.2352
127.9436
129.5943
131.4918
133.4795
135.5482
137.3596
139.1753
141.0598
143.1069
145.0368
147.0266
148.9442
150.8538
152.4317
154.0707
156.2166
158.6391
161.1842
163.474
165.8225
168.2251
170.8437
173.2481
175.4992
177.9311
180.6632
183.4004
185.7351
187.8629
190.2129
192.9428
196.1206
199.1847
202.6037
206.1756
209.7688
213.339
217.1125
221.3136
225.3328
229.1306
232.6267
236.4535
239.8799
243.3032
246.5155
250.3608
244.113
258.6096
263.7496
267.9688
266.9594
281.822
296.0018
297.3387
292.2262
299.9976
323.5899
345.6665
349.9612
348.4018
340.0004
352.8038
348.7433
352.3505
362.3796
374.2542
377.2012
371.1795
384.3802
404.3339
427.8616
431.3708
462.1165
481.5363
514.0598
514.3091
