5
5
5
5
5
5
5
5
5
5
5
5
5
5
5
5
5
5
5
5
5
5
5
5
5
5
5
5
5
5
5
5
5
5
5
5
5
5
5
5
5
5
5
5
5
5
5
5
5
5
5
5
5
5
5
5
5
5
5
5
5
5
5
5
5
5
5
5
5
5
5
5
5
5
5
5
5
5
5
5
5
5
5
5
5
5
5
5
5
5
5
5
5
5
5
5
5
5
5
5
5
5
5
5
5
5
5
5
5
5
5
5
5
5
5
5
5
5
5
5
5
5
5
5
5
5
5
5
5
5
5
5
5
5
5
5
5
5
5
5
5
5
5
5
5
5
5
5
5
5
5
5
5
5
5
5
5
5
5
5
5
5
5
5
5
5
5
5
5
5
5
5
5
5
5
5
5
5
5
5
5
5
5
5
5
5
5
5
5
5
5
5
5
5
5
5
5
5
5
5
5
5
5
5
5
5
5
5
5
5
5
5
5
5
5
5
5
5
5
5
5
5
5
5
5
5
5
5
5
5
5
5
5
5
5
5
5
5
5
5
5
5
5
5
5
5
5
5
5
5
5
5
5
5
5
5
5
5
5
5
5
5
5
5
5
5
5
5
5
5
5
5
5
5
5
5
5
5
5
5
5
5
5
5
5
5
5
5
5
5
5
5
5
5
5
5
5
5
5
5
5
5
5
5
5
5
5
5
5
5
5
5
5
5
5
5
5
5
5
5
5
5
5
5.127582102
5.098482828
5.050659119
5.036370588
5.006606282
4.989917434
4.968787856
4.947228063
4.906035353
4.884909352
4.853759462
4.819267436
4.786861988
4.757172975
4.730315046
4.706774767
4.68731878
4.672328854
4.662075615
4.639572448
4.617327266
4.593992126
4.571575272
4.549202132
4.529347972
4.512109809
4.498653058
4.521512042
4.498606891
4.466161551
4.436299364
4.41895729
4.411148012
4.405443748
4.394670343
4.38832232
4.391027139
4.405620695
4.417256147
4.448503436
4.471857505
4.51197557
4.510731494
4.503398717
4.461499538
4.416762267
4.356062827
4.289698048
4.246026803
4.196672343
4.153753674
4.093809254
4.038347833
3.986012988
3.936004462
3.884772697
3.825540853
3.79293334
3.78743274
3.809034722
3.82107994
3.83575858
3.853749868
3.861779463
3.861766391
3.840296674
3.828604081
3.804530533
3.796441886
3.776414166
3.779110535
3.76140124
3.756550499
3.75050961
3.742909108
3.732656449
3.720202962
3.706407455
3.692895299
3.679570915
3.666816955
3.654802319
3.643323051
3.632374717
3.620907348
3.609490921
3.597574928
3.585774114
3.573548982
3.561511527
3.549313845
3.536783744
3.524226254
3.512364455
3.500844523
3.489416501
3.477929151
3.467049102
3.456557471
3.446209437
3.436250933
3.426438001
3.417027008
3.407637402
3.399191841
3.39126716
3.383815736
3.376051594
3.368225097
3.360575242
3.35313195
3.345991143
3.338914407
3.33216737
3.325522907
3.31921482
3.31290604
3.306643581
3.300217287
3.293798841
3.287351446
3.28084579
3.274402124
3.267737236
3.260714878
3.253055575
3.245070191
3.237138479
3.229659724
3.222045813
3.214088589
3.205606577
3.19709
3.188509194
3.179674801
3.170174318
3.160190487
3.149753973
3.139306011
3.128553931
3.117302232
3.105356531
3.093289623
3.08117552
3.06946549
3.057583607
3.046124118
3.034738218
3.024038774
3.013685772
3.003872648
2.994313779
2.984998116
2.975887208
2.966983946
2.958545988
2.950610028
2.943432111
2.93728877
2.93159443
2.926036944
2.920157802
2.914615805
2.909672507
2.905171922
2.901075901
2.89702948
2.89319285
2.889507659
2.886138462
2.883262785
2.880482554
2.877722975
2.874104816
2.870055511
2.86540785
2.860451756
2.855406682
2.850569693
2.845631055
2.840463882
2.834927465
2.829496884
2.823771315
2.81753724
2.811026014
2.804460856
2.797784828
2.790834384
2.783388453
2.775815139
2.768410873
2.761629206
2.754725668
2.747364453
2.737862778
2.728840921
2.718376502
2.709935822
2.702203836
2.696447125
2.691430741
2.686347451
2.681774233
2.676841433
2.670908455
2.664670104
2.657763399
2.651537926
2.644847803
2.638021977
2.63157338
2.625310857
2.620583314
2.615942453
2.611179693
2.606143181
2.601200977
2.596850875
2.592048162
2.587112359
2.583170074
2.579337268
2.575739458
2.571028709
2.566900115
2.562727242
2.559113515
2.555855065
2.552498158
2.549509034
2.546694267
2.545781854
2.544675758
2.545483534
2.546217066
2.547526968
2.547909557
2.54772076
2.54724501
2.545782241
2.543785852
2.542975189
2.542503334
2.542783491
2.541832954
2.541328971
2.541116763
2.541288837
2.541562977
2.540784558
2.539892061
2.539170004
2.538756924
2.53815131
2.536657794
2.535132985
2.533691128
2.5315829
2.529259221
2.52613398
2.524073183
2.522143372
2.521001842
2.519825269
2.518549684
2.517438537
2.5157725
2.51412783
2.512355773
2.510592533
2.508780511
2.50665151
2.504677159
2.502514978
2.500294069
2.497307443
2.494273026
2.491248429
2.488465486
2.485666846
2.482738936
2.480131952
2.476997319
2.474225329
2.470791669
2.467662664
2.464282347
2.461027376
2.457673103
2.454045595
2.450571823
2.446824752
2.443134319
2.439140695
2.436295986
2.433610351
2.431865239
2.429557678
2.427306051
2.425733517
2.424478114
2.423491189
2.421481745
2.420176822
2.418526344
2.416963168
2.414719676
2.413087813
2.411922052
2.41132697
2.41112902
2.410696256
2.410437209
2.410412766
2.410766481
2.410730915
2.410517154
2.410183556
2.410261259
2.409937879
2.409719667
2.40991984
2.410743379
2.411648507
2.412683621
2.413293742
2.414539503
2.415585102
2.416817987
2.417695525
2.418519501
2.419237646
2.420029744
2.421002946
2.421745314
2.422652517
2.422228149
2.422269865
2.42187144
2.421964878
2.421760152
2.420942222
2.420257201
2.419555937
2.41919077
2.419222806
2.418927157
2.41844493
2.417627094
2.416813479
2.416323308
2.415270432
2.414171616
2.412369725
2.410732112
2.408809011
2.407557982
2.40668453
2.405464774
2.403732139
2.401811576
2.399793126
2.39778416
2.395604738
2.393333821
2.390929489
2.387856577
2.385084063
2.381795656
2.378093697
2.373496542
2.369834755
2.366374057
2.36367864
2.360097642
2.356533805
2.353329234
2.350138977
2.347490991
2.343768479
2.340504424
2.337384382
2.335143609
2.33281979
2.330552435
2.328086197
2.326527269
2.324382114
2.323096407
2.321938782
2.321658252
2.321088652
2.3198903
2.319177796
2.318294443
2.317826538
2.316412613
2.315153594
2.31348684
2.313290374
2.312418445
2.311326408
2.308160975
2.30608233
2.304806621
2.304239933
2.303555547
2.303631435
2.303815148
2.304488106
2.305487667
2.307207736
2.309499426
2.310883504
2.312236102
2.312919544
2.31486442
2.316953823
2.319494261
2.321520706
2.324084907
2.326568634
2.329379964
2.331539695
2.333735882
2.335225039
2.336271304
2.337147709
2.337929916
2.339265647
2.339747069
2.338996248
2.337016056
2.335064063
2.333348959
2.331906144
2.329215492
2.326127209
2.322952554
2.321148304
2.319332616
2.316031717
2.3120591
2.307906569
2.303846387
2.299871229
2.29556492
2.291113804
2.285790282
2.279204034
2.272188215
2.264276713
2.257168686
2.249802701
2.242097704
2.233753237
2.224398715
2.21503851
2.2048265
2.194906217
2.184680225
2.174991522
2.164402675
2.152727362
2.139460614
2.126184182
2.112772671
2.09916523
2.085324877
2.071087153
2.056990832
2.042060879
2.027103569
2.011899969
1.996650953
1.980634121
1.963602241
1.945688334
1.927599815
1.909093688
1.891163885
1.873249333
1.855224831
1.836128989
1.816215068
1.795922812
1.776506261
1.758009125
1.740156431
1.721687959
1.702380842
1.68314099
1.66402385
1.645778729
1.627329595
1.609844045
1.592443264
1.57530027
1.557312675
1.540075622
1.523929348
1.509360115
1.495090721
1.481178793
1.46707381
1.453257669
1.440188357
1.427799253
1.415860728
1.404354317
1.393085832
1.38231442
1.371508416
1.361659347
1.351656883
1.342338605
1.333756544
1.325599587
1.31750044
1.309420986
1.302339179
1.295893401
1.290296306
1.284574168
1.278833113
1.272930936
1.267015023
1.261303252
1.255801255
1.250578452
1.245511428
1.240688816
1.235758885
1.230861902
1.226128792
1.221777325
1.217553799
1.213052163
1.208293808
1.203263015
1.197894794
1.192527306
1.187150112
1.181668194
1.176174905
1.171223873
1.166151975
1.161060315
1.15559134
1.150571528
1.145260382
1.140539076
1.136073
1.131656469
1.127250081
1.123038598
1.119002337
1.115095525
1.111070622
1.107181851
1.10309005
1.098950449
1.094849519
1.090904705
1.087184658
1.083458363
1.079864488
1.076432233
1.073040602
1.069673321
1.066230647
1.062803722
1.059439929
1.055756422
1.052286197
1.048854874
1.045787088
1.042780463
1.039797115
1.036968368
1.034386798
1.03200854
1.029659952
1.027414276
1.025380919
1.023544038
1.021724786
1.019892655
1.018226979
1.016692164
1.01543417
1.014341025
1.013386203
1.012410993
1.011385467
1.010531573
1.009701453
1.008967014
1.008258547
1.007692712
1.007192155
1.006687087
1.006241991
1.005902847
1.00556952
1.005156851
1.004717558
1.004212487
1.003814553
1.003410305
1.003366481
1.00327377
1.003368898
1.003384432
1.00362328
1.003928976
1.004271283
1.004702914
1.00512873
1.005601235
1.005976164
1.006461902
1.007138723
1.007945858
1.008924128
1.010011949
1.011231126
1.012502472
1.013664132
1.014877493
1.016066982
1.017502312
1.018948929
1.020510685
1.022098611
1.023940718
1.025770309
1.027742573
1.029587877
1.031655097
1.033583833
1.035616282
1.037591818
1.039654557
1.041802145
1.044017997
1.046367429
1.048530302
1.050727528
1.052656006
1.054782426
1.056717828
1.058770948
1.060608029
1.06243313
1.064151211
1.065990965
1.067944085
1.070047142
1.072056546
1.07402486
1.075916883
1.077739187
1.079417073
1.080962395
1.082590949
1.084086985
1.085872005
1.087575974
1.089353031
1.090877291
1.092410619
1.093875547
1.095413657
1.096870203
1.098388637
1.09968857
1.101020424
1.102358542
1.103818985
1.105196101
1.106500475
1.107815594
1.109158846
1.110435325
1.111714346
1.113073547
1.1146203
1.11615816
1.117706721
1.119315064
1.120894398
1.122545114
1.124239219
1.125901725
1.127456149
1.128912967
1.130489283
1.132048394
1.133640859
1.135186002
1.136783536
1.138373751
1.140061147
1.14164003
1.143197074
1.144777966
1.146489068
1.148280093
1.149995082
1.151683103
1.153313607
1.155015667
1.156747852
1.158573605
1.160236068
1.161850699
1.163600033
1.165589249
1.167530864
1.169213412
1.170952506
1.172856665
1.174999093
1.177005821
1.17904448
1.180888689
1.182783137
1.184630435
1.186502257
1.188390176
1.190427856
1.192615534
1.194709448
1.196694671
1.198795274
1.200974551
1.203286896
1.205502217
1.207766925
1.210210783
1.212688835
1.215334578
1.217927823
1.220580148
1.223206939
1.225898217
1.228629444
1.231428364
1.234203524
1.237073409
1.239805129
1.242750247
1.245699714
1.24875706
1.251498571
1.254275549
1.257367241
1.26059223
1.263792079
1.266832322
1.26984084
1.272800667
1.275712818
1.278668808
1.281751557
1.285109604
1.288451041
1.291773953
1.294720561
1.297979699
1.301227519
1.304430613
1.307388377
1.310317412
1.313531407
1.316826415
1.320052418
1.323301254
1.326497362
1.329729026
1.33300504
1.336171012
1.339248646
1.342268083
1.345331063
1.34842757
1.351468554
1.354595895
1.357742582
1.360880812
1.364029332
1.367367219
1.370649267
1.373769609
1.376840943
1.379964146
1.383260836
1.386507863
1.389654882
1.392732079
1.395877482
1.399159732
1.402380434
1.405454508
1.408341501
1.411452335
1.414372943
1.417380233
1.420369439
1.42356915
1.426776652
1.429855494
1.433073088
1.43626644
1.439640438
1.442983502
1.446565171
1.449897024
1.453248453
1.456682836
1.460304471
1.463988035
1.46773971
1.47144861
1.475415136
1.479298126
1.483164825
1.486808998
1.490432619
1.494064372
1.497741475
1.501382343
1.50510126
1.508598128
1.511940224
1.515290804
1.518883986
1.522539722
1.526152984
1.529640911
1.533124697
1.536633327
1.54015794
1.543811779
1.547487304
1.551132971
1.554673003
1.558450692
1.562295642
1.566201614
1.570297309
1.574400492
1.578615255
1.582420324
1.586336748
1.5903092
1.594342937
1.598393462
1.602484302
1.606676452
1.611041851
1.615148944
1.619219383
1.623327065
1.627715866
1.632111556
1.636724958
1.641458345
1.646402421
1.651102997
1.655921542
1.660789193
1.66591976
1.671067488
1.676230667
1.681292271
1.686419524
1.691640343
1.69697618
1.702329991
1.707684924
1.713106118
1.718397381
1.724037042
1.72958323
1.735417583
1.741149029
1.746811188
1.75246331
1.757929198
1.76366393
1.76952343
1.775527196
1.781582547
1.787818602
1.79422701
1.800695873
1.807030877
1.813490764
1.820301808
1.827129396
1.83381912
1.840226805
1.846525857
1.852915036
1.85928418
1.865781163
1.872060197
1.878325686
1.884391747
1.89019388
1.895727464
1.901211693
1.906871224
1.912614679
1.918391455
1.92373353
1.928696505
1.933378481
1.938520739
1.943304671
1.94790779
1.951834931
1.955731942
1.959369438
1.962794799
1.96615359
1.969279403
1.972210541
1.975053102
1.977950698
1.980629545
1.983158845
1.985318542
1.987484544
1.989518191
1.991097917
1.992577026
1.99386761
1.99574601
1.997684882
1.999611301
2.001088174
2.002522659
2.00409992
2.005995767
2.008032554
2.010410431
2.013021417
2.015969136
2.018798146
2.0219034
2.024928141
2.028323537
2.032045215
2.03610547
2.03997977
2.043856035
2.04786585
2.052311839
2.056940828
2.061818207
2.067076326
2.072701635
2.078715567
2.085134584
2.091693755
2.09849048
2.105537634
2.112821829
2.120510401
2.128251581
2.136285927
2.144357408
2.152702018
2.161370799
2.170186561
2.179143017
2.188051552
2.197433543
2.207109242
2.217079371
2.227146345
2.237161986
2.247367514
2.257637863
2.268108352
2.278818363
2.28929197
2.299840042
2.310281813
2.321191902
2.332018327
2.342929246
2.353900736
2.365049948
2.37640859
2.387897087
2.399744639
2.411511203
2.423327699
2.435092104
2.447069249
2.459030286
2.471032378
2.483114491
2.495403549
2.507581906
2.519590203
2.531581146
2.543880895
2.556230036
2.568431085
2.580604641
2.593119929
2.605905095
2.618624992
2.631350914
2.643922773
2.656429621
2.668922008
2.681278295
2.693934897
2.706645607
2.719679804
2.7328513
2.746022938
2.759229061
2.772297637
2.785432871
2.798609421
2.811581351
2.824626003
2.83772891
2.851142065
2.864638535
2.878179037
2.891941025
2.905764414
2.919441125
2.933180267
2.946929319
2.960860287
2.974649846
2.988584417
3.002872786
3.016961785
3.030932022
3.044993065
3.059511429
3.074274353
3.088781226
3.102986218
3.117031196
3.131337227
3.146062995
3.161019966
3.175816222
3.190886076
3.20619855
3.221734687
3.237218397
3.252497484
3.268126591
3.283798096
3.299552208
3.315225469
3.331118936
3.347292176
3.363606694
3.380246192
3.397142225
3.414209297
3.431337164
3.448266709
3.465400981
3.48274115
3.500362113
3.517922397
3.535559447
3.553665459
3.571783272
3.589722793
3.607635249
3.625878641
3.644021075
3.662255602
3.680109078
3.698300105
3.716857411
3.736218225
3.755971937
3.775282463
3.794570878
3.814000894
3.833777407
3.853591913
3.873484998
3.893311512
3.913767014
3.933784471
3.95389576
3.973682575
3.993964536
4.014189458
4.034683691
4.055029248
4.07574911
4.096195314
4.116459449
4.136585523
4.15662359
4.177461536
4.198444698
4.219771433
4.240998249
4.262337885
4.283338043
4.304559706
4.326198456
4.348195485
4.370023001
4.392201619
4.414500023
4.437312246
4.460072131
4.482976876
4.506026606
4.528405153
4.551009352
4.573481999
4.59682731
4.619854469
4.643419481
4.666731308
4.69075016
4.714018154
4.737397243
4.760924919
4.784547115
4.808258825
4.831352055
4.854606319
4.878027217
4.901603795
4.925181863
4.949015999
4.973604714
4.999053746
5.023757778
5.048429067
5.07305467
5.098502682
5.124018949
5.149661455
5.175396348
5.20120547
5.226869037
5.252958956
5.278754231
5.304678376
5.330355794
5.356747617
5.383527294
5.410850799
5.438341922
5.466765453
5.495256574
5.523453854
5.551414774
5.578680453
5.606802353
5.63501997
5.663867267
5.693083321
5.721681831
5.750532622
5.778527311
5.807055512
5.835728487
5.865089429
5.894408758
5.923655105
5.952974524
5.982098734
6.010931808
6.040073948
6.069216216
6.099016551
6.128593115
6.158931609
6.189423821
6.220071808
6.250507959
6.281790968
6.313300999
6.34582284
6.378829029
6.412779985
6.446912853
6.48082298
6.514632743
6.549079699
6.583668677
6.618414514
6.653304474
6.689349792
6.726585125
6.764448159
6.801684044
6.838935544
6.875398594
6.913105256
6.951125294
6.98954892
7.027610277
7.065190654
7.102954006
7.140494921
7.179156607
7.218294148
7.257623177
7.296813152
7.336699283
7.377316303
7.417988907
7.458517871
7.4987193
7.539234312
7.580483479
7.62293305
7.66590974
7.70941213
7.753058138
7.796023698
7.838832028
7.8824997
7.92791786
7.974726597
8.021590247
8.068806478
8.115958266
8.16453054
8.214161693
8.264057849
8.3134025
8.363993626
8.415315843
8.469034856
8.522545585
8.577338127
8.632955459
8.689671443
8.746450176
8.801592755
8.856060641
8.909976618
8.964396752
9.019128027
9.073914341
9.126307712
9.176993292
9.224703946
9.271883112
9.316748982
9.358786796
9.397240507
9.432556466
9.466961769
9.498133613
9.527081803
9.551729299
9.574565087
9.593551447
9.61099731
9.623448557
9.633177953
9.638558004
9.644094887
9.646635734
9.64776537
9.647139459
9.647839789
9.648924501
9.650631858
9.652797447
9.653809106
9.654063973
9.652897115
9.652665441
9.653584105
9.657025851
9.663903933
9.673432233
9.68376204
9.694738117
9.705836602
9.719247883
9.733673211
9.749238062
9.76521994
9.781327647
9.80067789
9.820677185
9.844922894
9.870185423
9.900606509
9.933043057
9.969061697
10.00457489
10.04070868
10.07622072
10.11426395
10.15271337
10.19508463
10.23861138
10.28525474
10.33180815
10.38198063
10.43472648
10.48797937
10.5439254
10.60066974
10.66434976
10.73145129
10.80311879
10.87595577
10.94699058
11.01935449
11.0932637
11.17361912
11.25542958
11.34000549
11.42585701
11.51460316
11.60380326
11.69541133
11.79262377
11.89123983
11.99263671
12.09608268
12.20623666
12.31722893
12.42707494
12.53295162
12.63323743
12.73121494
12.83121506
12.93737209
13.04941637
13.15894577
13.26052157
13.35770982
13.46259787
13.57565158
13.69045048
13.80419477
13.9205958
14.04312223
14.17183271
14.29665299
14.42604824
14.54462639
14.66735788
14.77823616
14.89456512
15.00606588
15.12177603
15.23751668
15.35972914
15.47548199
15.59644922
15.71706087
15.83515138
15.93680083
16.04688635
16.17468723
16.31683288
16.44241062
16.55928555
16.66619894
16.78490291
16.91089618
17.05208336
17.19700234
17.35095367
17.49242814
17.64115236
17.78139008
17.93745165
18.08721992
18.24750402
18.40491708
18.54876255
18.69415948
18.85143371
19.01825254
19.18932768
19.34920069
19.52268278
19.69040395
19.87186854
20.04496124
20.20382949
20.33921755
20.46183975
20.59787965
20.73548852
20.87470959
21.01097821
21.17294471
21.34731363
21.51456415
21.64870285
21.76333306
21.88027436
22.05003853
22.26659957
22.47963249
22.68409367
22.88015608
23.08406353
23.27344044
23.4670788
23.64358679
23.80201176
23.95213584
24.10786372
24.25772705
24.40816717
24.585337
24.77531488
24.94365207
25.10826038
25.28497653
25.46802411
25.63899615
25.80946163
25.96668311
26.14182579
26.33138831
26.52124957
26.74213453
26.93351328
27.14094937
27.3173544
27.50866916
27.68367614
27.85433328
28.06005892
28.29799236
28.5576674
28.86098526
29.16225496
29.45603236
29.70981613
29.95802352
30.16041587
30.36122022
30.5862999
30.80178314
31.00064599
31.21270662
31.44735967
31.64788646
31.83770881
32.038265
32.27552191
32.5158033
32.82401347
33.08468071
33.37700075
33.65994324
34.01463164
34.37075541
34.68636746
34.98597745
35.28807748
35.63188987
35.98658303
36.32116343
36.59924116
36.83122022
37.0762796
37.40735792
37.7694986
38.1060404
38.39880053
38.69216932
39.00279461
39.28304398
39.55767245
39.81219185
40.10436103
40.38496881
40.63874499
40.78157156
40.85883681
40.96850728
41.04411028
41.17605212
41.35073749
41.63814046
41.96083993
42.19601814
42.31443024
42.361571
42.51325356
42.82635261
43.03206444
43.03841255
42.80334225
42.98463911
43.20624702
43.50741384
43.70750412
44.00304714
44.36438711
44.69060766
45.0851357
45.49206059
45.89664482
46.39595015
46.99741889
47.56326083
48.02394361
48.42283609
49.04953352
49.75781022
50.54804082
51.17751762
51.6663241
51.99760699
52.33681665
52.99686583
53.58781822
54.41127081
55.15306884
55.96547898
56.51982969
56.78446406
56.83114667
56.89268874
56.90166866
56.89791609
56.64285201
56.41690791
56.25536414
56.54231706
56.62165521
56.9936769
57.1408511
57.45654125
57.63442044
57.76487162
57.98068089
58.2705451
58.65440466
59.06557498
59.42172565
59.68161721
60.01707335
60.5317317
61.20928401
61.75806901
62.18077095
62.46439199
62.74179566
63.11869093
63.66341623
64.34531504
64.81079071
65.31512993
65.59406906
65.76599061
65.67327825
65.48914361
65.30883528
65.20828103
65.11017613
65.06438183
64.98186907
64.90629702
64.87403584
64.97967851
65.0681389
65.19649883
65.04602987
65.04642561
65
65
65
65
65
65
65
65
65
65
65
65
65
65
65
65
65
65
65
65
65
65
65
65
65
65
65
65
65
65
65
65
65
65
65
65
65
65
65
65
65
65
65
65
65
65
65
65
65
65
65
65
65
65
65
65
65
65
65
65
65
65
65
65
65
65
65
65
65
65
65
65
65
65
65
65
65
65
65
65
65
65
65
65
65
65
65
65
65
65
65
65
65
65
65
65
65
65
65
65
65
65
65
65
65
65
65
65
65
65
65
65
65
65
65
65
67
67
67
67
67
67
67
67
67
67
67
67
67
67
67
67
67
67
